{
    "areas": [
        30.151199999999974,
        20.86109999999999,
        9.808100000000028,
        20.847849999999973,
        100.22055000000003,
        27.474700000000002,
        36.546499999999995,
        36.54649999999997,
        27.44115000000002,
        86.15699999999994,
        97.84415000000007,
        39.56565,
        39.565650000000005,
        30.480699999999953,
        79.32079999999992,
        4.958850000000012,
        356.8272,
        10.442200000000005,
        11.237850000000027,
        11.248799999999997,
        27.04669999999996,
        37.31824999999999,
        22.224749999999982,
        22.20445,
        62.062949999999994,
        42.42234999999998,
        50.96325000000001,
        50.96325000000002,
        51.049450000000036,
        33.97215,
        17.098200000000027,
        12.870000000000005,
        12.85440000000002,
        77.32695000000002,
        77.32695000000005,
        4.26355,
        5.819600000000017,
        11.922150000000011,
        11.896300000000014,
        41.85849999999997,
        41.81100000000004,
        41.794249999999984,
        26.11859999999999,
        78.65729999999998,
        null,
        16.15385000000001,
        79.65549999999999,
        null,
        79.61325000000002,
        79.70250000000003,
        78.86600000000001,
        35.72250000000003,
        5.373899999999999,
        7.045799999999996,
        12.406950000000023,
        13.17229999999999,
        3.6196000000000135,
        15.722949999999999,
        117.64030000000004,
        102.86309999999999,
        81.02990000000001,
        4.7899000000000065,
        144.80700000000002,
        null,
        11.678049999999994,
        11.689049999999996,
        11.677999999999994,
        356.63610000000006,
        18.11270000000004,
        29.734249999999985,
        18.12820000000005,
        29.49914999999998,
        null,
        6.343799999999991,
        72.89689999999985
    ],
    "locations": [
        {
            "x": 19.84,
            "y": 62.6,
            "yaw": 1.571
        },
        {
            "x": 20.41,
            "y": 69.65,
            "yaw": 2.915
        },
        {
            "x": 21.24,
            "y": 71.76,
            "yaw": 2.915
        },
        {
            "x": 22.58,
            "y": 76.0,
            "yaw": 2.915
        },
        {
            "x": 25.11,
            "y": 80.83,
            "yaw": 1.837
        },
        {
            "x": 29.78,
            "y": 80.61,
            "yaw": 1.082
        },
        {
            "x": 34.19,
            "y": 78.64,
            "yaw": 1.082
        },
        {
            "x": 38.16,
            "y": 76.36,
            "yaw": 1.082
        },
        {
            "x": 41.47,
            "y": 74.83,
            "yaw": 1.082
        },
        {
            "x": 45.18,
            "y": 72.37,
            "yaw": 1.082
        },
        {
            "x": 61.09,
            "y": 62.96,
            "yaw": 1.571
        },
        {
            "x": 30.95,
            "y": 72.43,
            "yaw": -1.571
        },
        {
            "x": 38.55,
            "y": 72.34,
            "yaw": -1.571
        },
        {
            "x": 50.34,
            "y": 68.74,
            "yaw": -0.227
        },
        {
            "x": 36.65,
            "y": 74.33,
            "yaw": 3.142
        },
        {
            "x": 42.48,
            "y": 64.7,
            "yaw": 0.0
        },
        {
            "x": 40.22,
            "y": 58.15,
            "yaw": -1.571
        },
        {
            "x": 40.99,
            "y": 62.98,
            "yaw": 3.142
        },
        {
            "x": 50.51,
            "y": 62.48,
            "yaw": 1.571
        },
        {
            "x": 54.24,
            "y": 62.53,
            "yaw": 1.571
        },
        {
            "x": 77.26,
            "y": 58.7,
            "yaw": 1.082
        },
        {
            "x": 82.57,
            "y": 55.94,
            "yaw": 1.082
        },
        {
            "x": 84.89,
            "y": 54.92,
            "yaw": 1.082
        },
        {
            "x": 88.11,
            "y": 53.51,
            "yaw": 1.082
        },
        {
            "x": 90.15,
            "y": 50.45,
            "yaw": -0.227
        },
        {
            "x": 89.46,
            "y": 46.17,
            "yaw": -0.227
        },
        {
            "x": 87.87,
            "y": 40.38,
            "yaw": -0.227
        },
        {
            "x": 86.33,
            "y": 33.96,
            "yaw": -0.227
        },
        {
            "x": 84.85,
            "y": 27.68,
            "yaw": -0.227
        },
        {
            "x": 83.39,
            "y": 22.55,
            "yaw": -0.227
        },
        {
            "x": 84.0,
            "y": 51.85,
            "yaw": -3.142
        },
        {
            "x": 84.25,
            "y": 47.68,
            "yaw": -3.142
        },
        {
            "x": 84.38,
            "y": 44.54,
            "yaw": -3.142
        },
        {
            "x": 71.28,
            "y": 50.33,
            "yaw": -3.142
        },
        {
            "x": 71.53,
            "y": 40.65,
            "yaw": -3.142
        },
        {
            "x": 77.85,
            "y": 41.4,
            "yaw": 1.571
        },
        {
            "x": 71.78,
            "y": 31.22,
            "yaw": -3.142
        },
        {
            "x": 75.44,
            "y": 51.85,
            "yaw": 0.0
        },
        {
            "x": 75.42,
            "y": 48.12,
            "yaw": 0.0
        },
        {
            "x": 79.58,
            "y": 18.7,
            "yaw": -1.798
        },
        {
            "x": 74.28,
            "y": 19.97,
            "yaw": -1.798
        },
        {
            "x": 69.07,
            "y": 21.19,
            "yaw": -1.798
        },
        {
            "x": 62.71,
            "y": 18.93,
            "yaw": 3.142
        },
        {
            "x": 53.03,
            "y": 24.22,
            "yaw": -1.571
        },
        {
            "x": 82.21,
            "y": 19.45,
            "yaw": -0.227
        },
        {
            "x": 79.75,
            "y": 22.92,
            "yaw": 3.142
        },
        {
            "x": 61.04,
            "y": 28.89,
            "yaw": 1.571
        },
        {
            "x": 51.61,
            "y": 28.94,
            "yaw": 1.571
        },
        {
            "x": 42.06,
            "y": 28.8,
            "yaw": 1.571
        },
        {
            "x": 51.61,
            "y": 28.94,
            "yaw": 1.571
        },
        {
            "x": 32.57,
            "y": 28.81,
            "yaw": 1.571
        },
        {
            "x": 65.71,
            "y": 24.42,
            "yaw": -1.571
        },
        {
            "x": 61.04,
            "y": 20.93,
            "yaw": 0.0
        },
        {
            "x": 60.99,
            "y": 23.49,
            "yaw": 0.0
        },
        {
            "x": 68.72,
            "y": 28.62,
            "yaw": 1.571
        },
        {
            "x": 59.81,
            "y": 24.21,
            "yaw": 3.142
        },
        {
            "x": 71.2,
            "y": 28.56,
            "yaw": 1.571
        },
        {
            "x": 65.59,
            "y": 28.7,
            "yaw": 1.571
        },
        {
            "x": 37.59,
            "y": 26.05,
            "yaw": -1.571
        },
        {
            "x": 20.42,
            "y": 26.73,
            "yaw": 3.142
        },
        {
            "x": 14.37,
            "y": 43.56,
            "yaw": -1.571
        },
        {
            "x": 18.42,
            "y": 41.56,
            "yaw": 1.571
        },
        {
            "x": 24.84,
            "y": 44.11,
            "yaw": 0.0
        },
        {
            "x": 24.84,
            "y": 44.11,
            "yaw": 0.0
        },
        {
            "x": 20.08,
            "y": 40.42,
            "yaw": -1.571
        },
        {
            "x": 20.78,
            "y": 29.01,
            "yaw": 3.142
        },
        {
            "x": 20.4,
            "y": 32.76,
            "yaw": 3.142
        },
        {
            "x": 13.08,
            "y": 57.66,
            "yaw": 3.142
        },
        {
            "x": 61.62,
            "y": 55.12,
            "yaw": 0.0
        },
        {
            "x": 18.38,
            "y": 51.05,
            "yaw": 3.142
        },
        {
            "x": 72.34,
            "y": 55.23,
            "yaw": 3.142
        },
        {
            "x": 77.06,
            "y": 54.3,
            "yaw": -3.142
        },
        {
            "x": 83.63,
            "y": 38.89,
            "yaw": 1.571
        },
        {
            "x": 78.26,
            "y": 54.01,
            "yaw": -1.571
        },
        {
            "x": 83.01,
            "y": 34.27,
            "yaw": -3.142
        }
    ],
    "mat": [
        [
            0.0,
            7.1454973220825195,
            9.45737361907959,
            14.358362197875977,
            19.68018341064453,
            21.286033630371094,
            24.24795913696289,
            27.282527923583984,
            29.91082191467285,
            33.36091232299805,
            42.714481353759766,
            19.2237491607666,
            26.962989807128906,
            36.56253433227539,
            24.916250228881836,
            25.280960083007813,
            21.40535545349121,
            22.99334144592285,
            31.64406394958496,
            35.5390625,
            60.56098556518555,
            65.64167785644531,
            69.8888931274414,
            73.79057312011719,
            74.73033142089844,
            77.0950927734375,
            82.2771987915039,
            83.68659210205078,
            88.44049072265625,
            93.31895446777344,
            70.08582305908203,
            74.3684310913086,
            77.44811248779297,
            59.32959747314453,
            69.15309143066406,
            71.92339324951172,
            77.97879791259766,
            59.75166702270508,
            62.261287689208984,
            93.91534423828125,
            88.90760040283203,
            82.62305450439453,
            85.57893371582031,
            65.62135314941406,
            95.8993911743164,
            93.12188720703125,
            73.09114837646484,
            63.63793182373047,
            54.211204528808594,
            63.63793182373047,
            43.83736801147461,
            77.61964416503906,
            76.09010314941406,
            73.78147888183594,
            80.2815933227539,
            72.77360534667969,
            82.71153259277344,
            77.25921630859375,
            49.593238830566406,
            37.43136215209961,
            20.538726806640625,
            24.565074920654297,
            19.656147003173828,
            19.656147003173828,
            23.145381927490234,
            34.629825592041016,
            31.23265266418457,
            8.573478698730469,
            43.417633056640625,
            11.632576942443848,
            56.107810974121094,
            60.153621673583984,
            77.92111206054688,
            61.48888397216797,
            80.52300262451172
        ],
        [
            7.1454973220825195,
            0.0,
            3.026677131652832,
            7.294126987457275,
            12.40742015838623,
            14.436906814575195,
            17.319734573364258,
            20.335865020751953,
            22.87238121032715,
            26.469999313354492,
            47.9058723449707,
            12.318313598632813,
            20.01738929748535,
            33.112972259521484,
            17.990781784057617,
            30.37973403930664,
            27.151416778564453,
            28.148683547973633,
            36.844268798828125,
            40.741939544677734,
            65.17487335205078,
            70.87335968017578,
            75.12057495117188,
            79.02225494384766,
            79.9620132446289,
            82.31380462646484,
            87.50888061523438,
            88.6145248413086,
            93.31277465820313,
            98.37686920166016,
            75.3175048828125,
            79.58795928955078,
            82.68109893798828,
            63.201148986816406,
            74.38090515136719,
            77.17120361328125,
            83.20915985107422,
            63.59782409667969,
            66.46728515625,
            99.69758605957031,
            94.17436981201172,
            90.09730529785156,
            92.60395050048828,
            72.8014907836914,
            101.18208312988281,
            98.33415222167969,
            80.28115844726563,
            70.8780746459961,
            60.99505615234375,
            70.8780746459961,
            50.943359375,
            85.3497543334961,
            83.66081237792969,
            81.06523132324219,
            87.85567474365234,
            79.96946716308594,
            86.95706176757813,
            84.8648910522461,
            56.36982345581055,
            44.47655487060547,
            28.30885124206543,
            32.017303466796875,
            26.844463348388672,
            26.844463348388672,
            30.6103572845459,
            41.683475494384766,
            38.2917594909668,
            16.047470092773438,
            48.773990631103516,
            19.199234008789063,
            60.7005729675293,
            64.7586669921875,
            83.20388793945313,
            66.13330841064453,
            85.73258972167969
        ],
        [
            9.45737361907959,
            3.026677131652832,
            0.0,
            5.025448799133301,
            9.943428039550781,
            12.051168441772461,
            15.0023832321167,
            18.05328941345215,
            20.82779884338379,
            24.41344451904297,
            49.58626937866211,
            10.309349060058594,
            17.970094680786133,
            31.056419372558594,
            15.824543952941895,
            28.199853897094727,
            28.81297492980957,
            29.40692710876465,
            38.52195739746094,
            42.43178176879883,
            66.84294128417969,
            71.93476104736328,
            76.7686996459961,
            80.70817565917969,
            81.64796447753906,
            84.02597045898438,
            89.1948013305664,
            90.2750244140625,
            94.95076751708984,
            100.00816345214844,
            76.99469757080078,
            81.27771759033203,
            84.37086486816406,
            64.82206726074219,
            75.18123626708984,
            78.41265869140625,
            84.88683319091797,
            65.21646881103516,
            67.74556732177734,
            101.31884765625,
            95.80767059326172,
            91.783203125,
            94.34056854248047,
            74.47014617919922,
            102.79723358154297,
            99.9629135131836,
            81.94617462158203,
            72.5423355102539,
            62.65932083129883,
            72.5423355102539,
            52.61597442626953,
            87.0093765258789,
            85.33002471923828,
            82.7863540649414,
            89.54159545898438,
            81.63843536376953,
            88.64812469482422,
            86.52005767822266,
            58.04243850708008,
            46.220027923583984,
            30.52109718322754,
            33.749473571777344,
            28.522151947021484,
            28.522151947021484,
            32.32252883911133,
            43.415138244628906,
            40.0234260559082,
            18.211275100708008,
            51.34682846069336,
            21.403196334838867,
            62.39278030395508,
            66.44679260253906,
            84.87615203857422,
            67.7719497680664,
            87.41476440429688
        ],
        [
            14.358362197875977,
            7.294126987457275,
            5.025448799133301,
            0.0,
            5.909934043884277,
            8.555764198303223,
            12.143659591674805,
            15.380802154541016,
            19.029979705810547,
            23.085466384887695,
            50.09284591674805,
            9.151985168457031,
            16.618824005126953,
            29.72845458984375,
            14.006708145141602,
            26.86818504333496,
            32.873653411865234,
            28.07897186279297,
            38.530643463134766,
            42.82905960083008,
            66.99081420898438,
            72.0831527709961,
            76.31185150146484,
            80.22406005859375,
            81.17333984375,
            83.8803482055664,
            89.34577178955078,
            91.83544158935547,
            95.98615264892578,
            100.45332336425781,
            76.51213073730469,
            80.78825378417969,
            84.36587524414063,
            66.42857360839844,
            76.23265075683594,
            79.00326538085938,
            85.69315338134766,
            66.82362365722656,
            69.36248016357422,
            101.5224838256836,
            96.78128814697266,
            95.87213897705078,
            98.42950439453125,
            78.52833557128906,
            103.07693481445313,
            100.44244384765625,
            86.02670288085938,
            76.59207153320313,
            66.69647216796875,
            76.59207153320313,
            56.664634704589844,
            91.09831237792969,
            89.41893005371094,
            86.8239517211914,
            93.63053131103516,
            85.68253326416016,
            89.98241424560547,
            90.60895538330078,
            62.09109878540039,
            50.378211975097656,
            35.46826934814453,
            37.91476058959961,
            32.59939193725586,
            32.59939193725586,
            36.48781204223633,
            47.70823669433594,
            44.323795318603516,
            22.982112884521484,
            52.009395599365234,
            26.368133544921875,
            62.53474807739258,
            66.59500122070313,
            85.66927337646484,
            67.92231750488281,
            88.53868865966797
        ],
        [
            19.68018341064453,
            12.40742015838623,
            9.943428039550781,
            5.909934043884277,
            0.0,
            4.681637287139893,
            9.724546432495117,
            14.519336700439453,
            18.744182586669922,
            22.645557403564453,
            49.045265197753906,
            10.137913703918457,
            16.649885177612305,
            28.45625114440918,
            13.499098777770996,
            26.018390655517578,
            32.387351989746094,
            27.21225357055664,
            37.64720153808594,
            41.696258544921875,
            66.7608642578125,
            71.6944351196289,
            75.8504867553711,
            79.61725616455078,
            80.50804138183594,
            83.15825653076172,
            88.77599334716797,
            91.55147552490234,
            95.2901382446289,
            99.58043670654297,
            76.08474731445313,
            80.4139175415039,
            83.45993041992188,
            65.53839874267578,
            75.34276580810547,
            78.11369323730469,
            85.11939239501953,
            65.9338607788086,
            68.47261810302734,
            100.7759017944336,
            96.00428009033203,
            96.5604248046875,
            103.51921844482422,
            83.68858337402344,
            102.2032470703125,
            99.56978607177734,
            91.14073944091797,
            81.76078796386719,
            71.82324981689453,
            81.76078796386719,
            61.77155685424805,
            96.18802642822266,
            94.5155029296875,
            91.9205551147461,
            92.2552261352539,
            90.78826904296875,
            89.89845275878906,
            95.69880676269531,
            67.19803619384766,
            55.500606536865234,
            40.61631774902344,
            43.27444839477539,
            37.715179443359375,
            37.715179443359375,
            41.81784439086914,
            52.8310432434082,
            49.459388732910156,
            28.097042083740234,
            50.771907806396484,
            31.491788864135742,
            62.28159713745117,
            66.38114166259766,
            85.0638198852539,
            67.71141052246094,
            88.45470428466797
        ],
        [
            21.286033630371094,
            14.436906814575195,
            12.051168441772461,
            8.555764198303223,
            4.681637287139893,
            0.0,
            5.687592029571533,
            9.9480619430542,
            14.00796890258789,
            18.637338638305664,
            44.74637985229492,
            8.232747077941895,
            12.140728950500488,
            24.753511428833008,
            9.194440841674805,
            21.984209060668945,
            28.332199096679688,
            23.174768447875977,
            33.59819030761719,
            37.53140640258789,
            62.723243713378906,
            67.6190414428711,
            71.94984436035156,
            75.7201919555664,
            76.58240509033203,
            79.04696655273438,
            84.31987762451172,
            87.38843536376953,
            91.23487854003906,
            95.50377655029297,
            72.18659210205078,
            76.51270294189453,
            79.35458374023438,
            61.463157653808594,
            71.26799011230469,
            74.03868103027344,
            80.64372253417969,
            61.89665603637695,
            64.39788055419922,
            96.69937896728516,
            91.94961547851563,
            92.48416900634766,
            99.26819610595703,
            85.72999572753906,
            98.12657928466797,
            95.49341583251953,
            93.16848754882813,
            83.8248291015625,
            73.86009216308594,
            83.8248291015625,
            63.80839920043945,
            91.7430191040039,
            96.53858184814453,
            93.9372329711914,
            88.16980743408203,
            92.8184585571289,
            85.47061920166016,
            91.27190399169922,
            69.23486328125,
            57.50827407836914,
            42.33845520019531,
            45.053287506103516,
            39.7279167175293,
            39.7279167175293,
            43.62676239013672,
            54.704750061035156,
            51.31251907348633,
            30.243083953857422,
            46.625308990478516,
            33.29116439819336,
            58.20679473876953,
            62.30586624145508,
            80.5995101928711,
            63.63691711425781,
            83.8319320678711
        ],
        [
            24.24795913696289,
            17.319734573364258,
            15.0023832321167,
            12.143659591674805,
            9.724546432495117,
            5.687592029571533,
            0.0,
            5.695672512054443,
            9.2318115234375,
            13.579288482666016,
            40.198387145996094,
            6.848404884338379,
            7.929035186767578,
            20.225521087646484,
            5.318385124206543,
            17.467880249023438,
            23.804208755493164,
            18.65849494934082,
            29.070201873779297,
            32.99829864501953,
            58.170135498046875,
            63.10354995727539,
            67.41947174072266,
            71.20470428466797,
            72.06690979003906,
            74.511474609375,
            79.55152893066406,
            82.44001770019531,
            86.67188262939453,
            90.9551010131836,
            67.67109680175781,
            71.97721099853516,
            74.819091796875,
            56.947662353515625,
            66.75250244140625,
            69.52318572998047,
            76.11334991455078,
            57.34354782104492,
            59.86750793457031,
            92.14900207519531,
            87.41412353515625,
            87.94867706298828,
            94.73270416259766,
            89.00499725341797,
            93.5910873413086,
            90.94009399414063,
            91.34451293945313,
            87.09528350830078,
            76.22513580322266,
            87.09528350830078,
            66.54122924804688,
            87.212646484375,
            96.12184143066406,
            93.48849487304688,
            83.30181121826172,
            93.0707015991211,
            80.49716186523438,
            86.7159423828125,
            71.96759033203125,
            60.198875427246094,
            45.89383316040039,
            48.19086837768555,
            42.468605041503906,
            42.468605041503906,
            46.97874069213867,
            57.42372512817383,
            54.059757232666016,
            32.90800857543945,
            42.10981369018555,
            36.32199478149414,
            53.69129943847656,
            57.79037094116211,
            76.06913757324219,
            59.12142562866211,
            79.05340576171875
        ],
        [
            27.282527923583984,
            20.335865020751953,
            18.05328941345215,
            15.380802154541016,
            14.519336700439453,
            9.9480619430542,
            5.695672512054443,
            0.0,
            4.665617942810059,
            8.755941390991211,
            35.46395492553711,
            8.032468795776367,
            4.154008865356445,
            15.285867691040039,
            2.4712135791778564,
            12.904687881469727,
            19.236873626708984,
            14.376473426818848,
            24.439132690429688,
            28.2897891998291,
            53.51926040649414,
            58.313907623291016,
            62.64561080932617,
            66.38555908203125,
            67.27786254882813,
            69.72238159179688,
            74.7573013305664,
            77.56128692626953,
            81.69295501708984,
            86.4365234375,
            62.88221740722656,
            67.15702819824219,
            70.03022003173828,
            52.276885986328125,
            61.96355056762695,
            64.71419525146484,
            71.31905364990234,
            52.67272186279297,
            54.89204406738281,
            87.65550231933594,
            82.45853424072266,
            83.13912963867188,
            89.90386962890625,
            86.53123474121094,
            88.93555450439453,
            86.51197052001953,
            86.83767700195313,
            84.47763061523438,
            74.53422546386719,
            84.47763061523438,
            64.49078369140625,
            82.290283203125,
            91.31414031982422,
            88.80709075927734,
            78.31259155273438,
            88.45175170898438,
            75.67736053466797,
            81.71678161621094,
            69.91725158691406,
            59.50931930541992,
            48.57324981689453,
            47.46067428588867,
            40.3309326171875,
            40.3309326171875,
            45.94505310058594,
            56.693782806396484,
            53.353118896484375,
            35.71576690673828,
            37.341304779052734,
            39.07276153564453,
            49.13521194458008,
            53.147159576416016,
            71.27507019042969,
            54.45063781738281,
            74.234130859375
        ],
        [
            29.91082191467285,
            22.87238121032715,
            20.82779884338379,
            19.029979705810547,
            18.744182586669922,
            14.00796890258789,
            9.2318115234375,
            4.665617942810059,
            0.0,
            5.253279685974121,
            32.93291473388672,
            11.339333534240723,
            4.034151077270508,
            11.423097610473633,
            5.024704933166504,
            10.184572219848633,
            16.65717124938965,
            11.541115760803223,
            21.808120727539063,
            25.71794319152832,
            50.87527084350586,
            55.82319641113281,
            60.153995513916016,
            63.924346923828125,
            64.78656005859375,
            67.2511215209961,
            72.28605651855469,
            75.0898208618164,
            79.22127532958984,
            83.59358215332031,
            60.39073944091797,
            64.69685363769531,
            67.55873107910156,
            49.654659271240234,
            59.472145080566406,
            62.242828369140625,
            68.8478775024414,
            50.052391052246094,
            52.60203552246094,
            84.86514282226563,
            80.01567077636719,
            80.66831970214844,
            87.4539566040039,
            83.12606048583984,
            86.29234313964844,
            83.64126586914063,
            84.07096862792969,
            81.46055603027344,
            71.22718048095703,
            81.46055603027344,
            61.03590774536133,
            79.84418487548828,
            88.88348388671875,
            86.21965026855469,
            75.8511962890625,
            85.77196502685547,
            73.23680877685547,
            79.27474212646484,
            66.46314239501953,
            56.524627685546875,
            46.79833984375,
            45.141632080078125,
            37.83256530761719,
            37.83256530761719,
            43.707149505615234,
            54.057899475097656,
            51.35081481933594,
            38.825706481933594,
            34.82946014404297,
            39.634254455566406,
            46.40367126464844,
            50.51001739501953,
            68.80366516113281,
            51.83268356323242,
            71.70203399658203
        ],
        [
            33.36091232299805,
            26.469999313354492,
            24.41344451904297,
            23.085466384887695,
            22.645557403564453,
            18.637338638305664,
            13.579288482666016,
            8.755941390991211,
            5.253279685974121,
            0.0,
            31.035091400146484,
            14.410408973693848,
            6.890599727630615,
            6.102508544921875,
            8.724016189575195,
            8.249764442443848,
            15.704273223876953,
            10.3826322555542,
            19.93840980529785,
            23.837020874023438,
            48.994869232177734,
            53.928279876708984,
            58.2483024597168,
            62.0294303894043,
            62.87515640258789,
            65.3450927734375,
            70.39114379882813,
            73.19490814208984,
            77.32986450195313,
            81.95162963867188,
            58.49614715576172,
            62.80544662475586,
            65.64732360839844,
            47.789161682128906,
            57.594322204589844,
            60.3368034362793,
            66.95328521728516,
            48.185062408447266,
            50.70711898803711,
            83.1585922241211,
            78.12425994873047,
            78.77692413330078,
            85.54224395751953,
            82.71255493164063,
            84.5353012084961,
            81.93472290039063,
            82.3746109008789,
            80.61649322509766,
            70.72711181640625,
            80.61649322509766,
            60.67573165893555,
            77.93246459960938,
            86.9889144897461,
            84.42646026611328,
            73.95948028564453,
            84.08042907714844,
            71.33111572265625,
            77.3690414428711,
            66.10194396972656,
            56.193477630615234,
            45.50871276855469,
            43.84116744995117,
            36.574073791503906,
            36.574073791503906,
            42.469295501708984,
            53.44233703613281,
            50.204490661621094,
            40.994415283203125,
            32.941078186035156,
            38.3505973815918,
            44.516029357910156,
            48.61543273925781,
            66.89763641357422,
            49.946475982666016,
            69.8545150756836
        ],
        [
            42.714481353759766,
            47.9058723449707,
            49.58626937866211,
            50.09284591674805,
            49.045265197753906,
            44.74637985229492,
            40.198387145996094,
            35.46395492553711,
            32.93291473388672,
            31.035091400146484,
            0.0,
            41.12289047241211,
            33.394081115722656,
            33.79955291748047,
            35.317604064941406,
            22.37529945373535,
            22.1490535736084,
            21.519733428955078,
            12.063179016113281,
            8.482486724853516,
            19.63648223876953,
            24.071260452270508,
            28.1851749420166,
            31.679298400878906,
            32.5281867980957,
            34.94287109375,
            40.0860481262207,
            45.8037223815918,
            50.02003860473633,
            54.3099479675293,
            28.331661224365234,
            32.236541748046875,
            35.32621765136719,
            21.011600494384766,
            30.212528228759766,
            32.88368225097656,
            39.571746826171875,
            20.000280380249023,
            23.274566650390625,
            55.361087799072266,
            50.5744514465332,
            51.34623718261719,
            58.130149841308594,
            63.44379806518555,
            56.95603942871094,
            54.304195404052734,
            54.76345443725586,
            64.3893051147461,
            73.79658508300781,
            64.3893051147461,
            68.80236053466797,
            50.56035232543945,
            59.579071044921875,
            56.910545349121094,
            46.790889739990234,
            56.486907958984375,
            43.95799255371094,
            50.0689582824707,
            73.6666488647461,
            64.9735107421875,
            54.45842361450195,
            52.596065521240234,
            44.3454475402832,
            44.3454475402832,
            50.915374755859375,
            62.45512008666992,
            59.04983139038086,
            49.91234588623047,
            7.613844394683838,
            46.134437561035156,
            15.272802352905273,
            19.270431518554688,
            39.472869873046875,
            20.53615379333496,
            42.448760986328125
        ],
        [
            19.2237491607666,
            12.318313598632813,
            10.309349060058594,
            9.151985168457031,
            10.137913703918457,
            8.232747077941895,
            6.848404884338379,
            8.032468795776367,
            11.339333534240723,
            14.410408973693848,
            41.12289047241211,
            0.0,
            8.093017578125,
            21.280187606811523,
            6.291486740112305,
            18.451906204223633,
            24.788124084472656,
            19.658979415893555,
            30.05411720275879,
            33.987335205078125,
            58.49481201171875,
            63.557640075683594,
            67.78471374511719,
            71.69282531738281,
            72.63262939453125,
            74.99917602539063,
            80.81315612792969,
            83.32264709472656,
            87.44580841064453,
            91.91246795654297,
            67.98334503173828,
            72.26630401611328,
            75.36555480957031,
            57.92841339111328,
            67.7332534790039,
            70.47565460205078,
            77.08069610595703,
            58.32429885864258,
            60.83485794067383,
            93.10807037353516,
            88.15943908691406,
            88.92044830322266,
            95.67688751220703,
            83.51582336425781,
            94.53527069091797,
            91.90210723876953,
            91.04533386230469,
            81.61367797851563,
            71.71887969970703,
            81.61367797851563,
            61.67897033691406,
            88.04872131347656,
            94.40437316894531,
            91.80255126953125,
            84.10401916503906,
            90.68427276611328,
            81.44134521484375,
            87.47927856445313,
            67.10543060302734,
            55.37326431274414,
            40.528831481933594,
            42.92456817626953,
            37.60544967651367,
            37.60544967651367,
            41.497676849365234,
            52.5758171081543,
            49.1969108581543,
            28.102069854736328,
            43.0905647277832,
            31.45914649963379,
            54.00612258911133,
            58.097232818603516,
            77.03648376464844,
            59.393798828125,
            79.99758911132813
        ],
        [
            26.962989807128906,
            20.01738929748535,
            17.970094680786133,
            16.618824005126953,
            16.649885177612305,
            12.140728950500488,
            7.929035186767578,
            4.154008865356445,
            4.034151077270508,
            6.890599727630615,
            33.394081115722656,
            8.093017578125,
            0.0,
            13.362998962402344,
            2.8210418224334717,
            10.84909725189209,
            17.071401596069336,
            12.107183456420898,
            22.13362693786621,
            26.071714401245117,
            50.998687744140625,
            55.478206634521484,
            59.582550048828125,
            63.3101806640625,
            64.24767303466797,
            66.59004211425781,
            71.77957153320313,
            75.3782958984375,
            79.502197265625,
            84.04165649414063,
            59.8099365234375,
            63.85992431640625,
            66.95450592041016,
            50.09550094604492,
            59.76108932495117,
            62.53205871582031,
            69.10929870605469,
            50.47138214111328,
            52.89049530029297,
            85.3116683959961,
            80.29576873779297,
            80.94839477539063,
            87.8887710571289,
            83.57795715332031,
            86.72686004638672,
            84.0128173828125,
            84.44889831542969,
            81.92816925048828,
            72.15984344482422,
            81.92816925048828,
            61.494407653808594,
            80.10424041748047,
            89.26924133300781,
            86.61158752441406,
            76.13204956054688,
            86.21949768066406,
            73.4968490600586,
            79.55538177490234,
            66.92227935791016,
            56.527305603027344,
            47.07377624511719,
            45.41706848144531,
            37.673728942871094,
            37.673728942871094,
            43.98249053955078,
            53.971675872802734,
            51.14791488647461,
            35.84938049316406,
            35.14668655395508,
            39.206459045410156,
            46.701507568359375,
            50.570640563964844,
            69.08373260498047,
            51.528743743896484,
            72.05400085449219
        ],
        [
            36.56253433227539,
            33.112972259521484,
            31.056419372558594,
            29.72845458984375,
            28.45625114440918,
            24.753511428833008,
            20.225521087646484,
            15.285867691040039,
            11.423097610473633,
            6.102508544921875,
            33.79955291748047,
            21.280187606811523,
            13.362998962402344,
            0.0,
            15.237507820129395,
            10.899593353271484,
            18.32109832763672,
