{
  "employees": [
    {
      "id": 1,
      "firstName": "Max",
      "lastName": "Mustermann",
      "birthDate": "1990-05-15",
      "sex": "male",
      "workplace": "5.2B03",
      "currentRoom": "",
      "roomLabels": ["5.2B03", "5.2B10", "IMVS_Kitchen", "5.2B06", "5.2B_Elevator", "5.2B_Toilet_M"],
      "transitionMatrix": [
        [0.00, 0.25, 0.30, 0.20, 0.00, 0.25],
        [0.50, 0.00, 0.20, 0.15, 0.00, 0.15],
        [0.55, 0.15, 0.00, 0.15, 0.00, 0.15],
        [0.50, 0.15, 0.25, 0.00, 0.00, 0.10],
        [0.50, 0.15, 0.15, 0.10, 0.00, 0.10],
        [0.60, 0.15, 0.15, 0.10, 0.00, 0.00]
      ]
    },
    {
      "id": 2,
      "firstName": "Leo",
      "lastName": "Löwe",
      "birthDate": "1985-02-20",
      "sex": "male",
      "workplace": "5.2B15",
      "currentRoom": "",
      "roomLabels": ["5.2B15", "5.2B10", "5.2B18", "IMVS_Kitchen", "5.2B_Elevator", "5.2B_Toilet_M"],
      "transitionMatrix": [
        [0.00, 0.15, 0.15, 0.35, 0.00, 0.35],
        [0.50, 0.00, 0.15, 0.25, 0.00, 0.10],
        [0.50, 0.15, 0.00, 0.25, 0.00, 0.10],
        [0.55, 0.15, 0.10, 0.00, 0.00, 0.20],
        [0.50, 0.10, 0.10, 0.15, 0.00, 0.15],
        [0.60, 0.10, 0.10, 0.20, 0.00, 0.00]
      ]
    },
    {
      "id": 3,
      "firstName": "Anna",
      "lastName": "Schmidt",
      "birthDate": "1993-11-02",
      "sex": "female",
      "workplace": "5.2B01",
      "currentRoom": "",
      "roomLabels": ["5.2B01", "IMVS_Kitchen", "5.2B_Elevator", "5.2B_Toilet_W"],
      "transitionMatrix": [
        [0.00, 0.55, 0.00, 0.45],
        [0.65, 0.00, 0.00, 0.35],
        [0.55, 0.25, 0.00, 0.20],
        [0.70, 0.30, 0.00, 0.00]
      ]
    },
    {
      "id": 4,
      "firstName": "Fred",
      "lastName": "Feuerstein",
      "birthDate": "1978-08-12",
      "sex": "male",
      "workplace": "5.2B13",
      "currentRoom": "",
      "roomLabels": ["5.2B13", "IMVS_Kitchen", "5.2B01", "5.2B_Elevator", "5.2B_Toilet_M"],
      "transitionMatrix": [
        [0.00, 0.35, 0.30, 0.00, 0.35],
        [0.50, 0.00, 0.25, 0.00, 0.25],
        [0.50, 0.25, 0.00, 0.00, 0.25],
        [0.45, 0.20, 0.15, 0.00, 0.20],
        [0.55, 0.25, 0.20, 0.00, 0.00]
      ]
    },
    {
      "id": 5,
      "firstName": "Julia",
      "lastName": "Zahl",
      "birthDate": "1995-04-30",
      "sex": "female",
      "workplace": "5.2B18",
      "currentRoom": "",
      "roomLabels": ["5.2B18", "5.2B10", "IMVS_Kitchen", "5.2B_Elevator", "5.2B_Toilet_W"],
      "transitionMatrix": [
        [0.00, 0.25, 0.35, 0.00, 0.40],
        [0.50, 0.00, 0.25, 0.00, 0.25],
        [0.50, 0.20, 0.00, 0.00, 0.30],
        [0.45, 0.15, 0.20, 0.00, 0.20],
        [0.55, 0.20, 0.25, 0.00, 0.00]
      ]
    }
  ]
}
